 	Area	Perim.
1	383	185.765
2	9	10.485
3	4	8.485
4	10675	2865.386
5	18	36.527
6	4	8.485
7	6450	1236.511
8	5	11.314
9	2237	521.737
10	35	32.042
11	15	32.284
12	4	11.314
13	199	109.539
14	11	22.385
15	4	5.657
16	376	146.267
17	11	25.799
18	4	7.657
19	6	9.899
20	8	16.971
21	12	22.385
22	4	7.657
23	4	9.657
24	5	11.899
25	4	7.071
26	4	9.657
27	15	24.971
28	6	16.142
29	1536	654.673
30	8	15.314
31	853	279.546
32	16	32.870
33	9	16.142
34	1167	403.512
35	13	20.385
36	4	8.485
37	4	7.657
38	5	14.142
39	6	13.314
40	11	18.142
41	6	12.485
42	5	11.314
43	7	16.142
44	12	16.971
45	4	9.899
46	4	8.485
47	11	16.142
48	6	10.485
49	5	11.899
50	4	7.657
51	4	7.657
52	4	9.071
53	4	9.899
54	5	9.899
55	10	20.971
56	36	55.012
57	4	9.657
58	6	11.899
59	30	59.497
60	8	17.556
61	110	96.125
62	4	10.485
63	9	15.899
64	4	7.657
65	6	13.314
66	15	30.870
67	4	9.899
68	8	16.142
69	10	22.385
70	91	124.066
71	8	14.728
72	6	13.314
73	3405	888.036
74	5	10.485
75	6	13.314
76	4	8.828
77	8	15.899
78	6	11.899
79	13	24.385
80	6	13.314
81	5	12.728
82	4	8.485
83	8	12.485
84	10	24.385
85	12	18.971
86	5	11.314
87	4	10.485
88	4	8.485
89	66	71.740
90	5	11.899
91	4	8.828
92	66	52.426
93	5	14.142
94	4	9.071
95	5	12.728
96	49	66.326
97	10	18.385
98	4	10.485
99	4	8.485
100	6	12.485
101	5	9.899
102	4	5.657
103	4	7.071
104	5	12.728
105	4	10.485
106	7	13.314
107	18	26.385
108	7	11.071
109	6	13.314
110	4	10.485
111	4	8.485
112	5	9.071
113	5	12.485
114	4	10.485
115	7	14.485
116	2234	1168.410
117	4	11.314
118	4	9.657
119	5	9.657
120	4	8.485
121	6	12.728
122	6	10.485
123	8	16.142
124	9	17.556
125	4	9.899
126	8	13.899
127	4	7.657
128	4	8.485
129	5	9.899
130	6	12.728
131	4	8.485
132	5	12.728
133	4	7.657
134	7	15.314
135	4	7.071
136	4	11.314
137	4	9.071
138	5	9.899
139	5	11.314
140	11	20.971
141	5	11.071
142	8	18.971
143	172	142.894
144	5	13.314
145	6	13.314
146	5	11.899
147	6	9.071
148	4	10.485
149	6	11.899
150	8	16.971
151	4	8.485
152	4	9.071
153	4774	1484.383
154	5	10.485
155	4	10.485
156	4	9.899
157	4	9.071
158	11	22.971
159	610	213.948
160	222	173.179
161	5	9.657
162	27	42.184
163	5	9.899
164	8	14.728
165	4	10.485
166	8	14.142
167	8	12.728
168	29	39.113
169	30	36.284
170	4	10.485
171	7	10.485
172	4	10.485
173	5	14.142
174	68	92.610
175	26	45.355
176	7	14.728
177	5	11.314
178	8	13.314
179	4	9.657
180	7	11.314
181	27	50.770
182	6	11.899
183	4	7.071
184	6	14.142
185	4	7.657
186	4	7.657
187	9	14.728
188	4	7.657
189	4	7.071
190	11	21.213
191	65	61.841
192	13	18.142
193	6	10.485
194	7	14.142
195	7	11.899
196	4	8.485
197	5	13.314
198	9	18.142
199	6	12.485
200	37	66.912
201	4	10.485
202	6	9.071
203	4	8.485
204	11	23.799
205	346	203.563
206	4	7.657
207	5	12.728
208	4	8.243
209	5	11.314
210	104	159.037
211	10	15.314
212	6	10.485
213	6	11.657
214	6	8.485
215	4	7.657
216	30	56.083
217	20	32.627
218	6	12.485
219	600	197.664
220	20	26.627
221	4	11.314
222	8	14.728
223	4	9.071
224	42	57.497
225	6	11.314
226	4	9.657
227	8	13.314
228	18	25.799
229	6	13.314
230	9	16.142
231	6	13.314
232	6	13.314
233	5	12.485
234	5	10.485
235	120	122.752
236	35	49.941
237	9	16.971
238	5	9.657
239	7	14.728
240	9	19.556
241	17	24.971
242	6	10.485
243	7	12.728
244	6	12.485
245	5	10.485
246	4	8.485
247	6	13.314
248	9	13.314
249	10	18.142
250	454	177.421
251	20	36.284
252	12	26.042
253	2562	688.087
254	6	11.899
255	4	8.485
256	6	13.899
257	4	11.314
258	4	9.657
259	9657	2034.647
260	4	9.657
261	9	18.142
262	4	7.071
263	6	11.657
264	4	7.071
265	136	94.711
266	16	27.213
267	5	11.899
268	10	19.556
269	14	14.142
270	13	20.142
271	4	11.314
272	5	10.485
273	4	11.314
274	968	314.517
275	4	11.314
276	4	8.485
277	26	39.113
278	4	10.485
279	4	7.071
280	4	7.657
281	6	12.485
282	4	8.485
283	4	7.657
284	9	21.799
285	31	53.598
286	4	8.485
287	5	10.485
288	37	62.669
289	12	23.799
290	66	108.267
291	16	28.627
292	11	14.142
293	6	14.142
294	639	288.174
295	4	5.657
296	33	42.527
297	8	20.385
298	7	16.142
299	5	8.485
300	162	134.894
301	6	9.071
302	14	28.627
303	5	13.314
304	5	12.728
305	12	18.385
306	4	7.657
307	5	9.657
308	6	8.485
309	2467	859.509
310	78	81.054
311	5	9.657
312	5	9.657
313	5	10.485
314	8	13.314
315	2374	512.808
316	4	8.485
317	5	8.485
318	7	14.728
319	11	15.314
320	5	10.485
321	9	16.728
322	5	7.657
323	4	7.071
324	4	5.657
325	975	557.235
326	5	12.728
327	4	8.243
328	4	9.899
329	6	10.485
330	5	8.485
331	4	9.899
332	7	12.485
333	9	16.142
334	5	11.314
335	17	26.971
336	6	15.314
337	19	34.284
338	4	5.657
339	40	45.598
340	5	10.485
341	6	11.899
342	2998	1025.960
343	5	10.485
344	4	8.485
345	4	7.657
346	4	9.899
347	4	8.485
348	4	8.485
349	6	14.485
350	4	7.071
351	5	10.828
352	15	25.213
353	6	9.071
354	175	142.894
355	7	9.657
356	4	10.485
357	6	16.971
358	4	7.657
359	22	42.527
360	6	14.142
361	4	7.071
362	31	64.912
363	5	12.728
364	16	27.456
365	4	7.657
366	9	14.485
367	6	16.971
368	4	8.485
369	5	7.071
370	25	33.456
371	9	16.728
372	4	8.485
373	4	10.485
374	20	20.971
375	5	11.314
376	73	87.882
377	5	11.314
378	14	27.799
379	18	24.627
380	5	12.728
381	4	7.071
382	5	12.485
383	5	11.899
384	105	131.823
385	7	11.314
386	49	65.740
387	5	10.485
388	10	17.314
389	4	7.657
390	4	10.485
391	4	7.657
392	4	8.485
393	65	72.569
394	5	9.657
395	5	10.243
396	6	8.485
397	4	5.657
398	34	51.012
399	4	9.657
400	38	67.640
401	4	7.071
402	4	8.485
403	17	30.627
404	38	66.569
405	4	5.657
406	4	8.828
407	4	9.657
408	6	10.485
409	5	7.657
410	28	50.426
411	4	8.243
412	6	13.314
413	8	15.314
414	6	9.071
415	9	13.899
416	168	104.510
417	6	11.314
418	12	24.971
419	7	13.899
420	5	9.899
421	8	17.314
422	4	9.899
423	23	35.456
424	8	17.314
425	6	12.485
426	12	24.971
427	4	7.657
428	5	9.899
429	7	14.728
430	4	7.657
431	6	11.657
432	5	10.485
433	9	16.142
434	4	9.071
435	4	7.657
436	4	10.485
437	4	9.071
438	8	16.728
439	4	7.071
440	7	11.314
441	1716	456.767
442	5	11.314
443	6	11.899
444	4	9.899
445	6	15.314
446	29	53.497
447	6	10.485
448	6	12.485
449	5	9.657
450	5	8.485
451	8	15.899
452	4	11.314
453	20	29.456
454	88	117.095
455	2845	1170.653
456	6	12.485
457	6	11.899
458	4	10.485
459	5	10.485
460	33	55.841
461	6	11.314
462	3923	1416.542
463	7	15.314
464	18	36.284
465	6	9.071
466	6	11.314
467	4	7.657
468	9	16.142
469	4	9.899
470	5	9.899
471	7	13.899
472	25	34.284
473	5	12.728
474	6	12.728
475	28	32.870
476	1178	687.886
477	4	9.657
478	16	24.627
479	34	42.527
480	4	10.485
481	249	274.132
482	9	16.142
483	4	10.485
484	4	10.485
485	13	21.799
486	20	33.456
487	6	11.899
488	4	10.485
489	5	13.314
490	4	7.657
491	12	28.042
492	10	22.385
493	5	8.485
494	15	32.870
495	4	8.485
496	11	26.870
497	4	7.657
498	5	8.485
499	14	27.213
500	9	16.142
501	7	16.142
502	5	7.071
503	4	7.657
504	6	9.071
505	49	76.468
506	5	7.071
507	16	28.385
508	21	39.698
509	838	370.742
510	12	20.142
511	7	10.485
512	4	9.899
513	4	9.071
514	20	30.284
515	4	8.485
516	6	11.314
517	1668	700.857
518	8	18.971
519	4	8.485
520	11	19.556
521	6	13.314
522	23	37.698
523	8	16.142
524	4	10.485
525	4	9.071
526	4	10.485
527	4	8.243
528	8	18.142
529	4	9.899
530	11	18.142
531	11	23.213
532	4	9.071
533	6	11.071
534	4	9.899
535	9	21.799
536	6	11.314
537	5	12.728
538	6	10.485
539	5	12.728
540	4	8.485
541	4	7.657
542	5	8.485
543	5	11.314
544	9	20.385
545	7	14.142
546	8	16.142
547	4	9.071
548	18	23.799
549	9	11.899
550	9	16.142
551	6	16.142
552	4	9.899
553	6	15.314
554	7	11.314
555	20	31.456
556	4	8.485
557	4	7.657
558	19	32.870
559	89	107.095
560	4	7.657
561	182	151.723
562	5	11.899
563	19	28.042
564	5	11.314
565	16	33.113
566	7	10.485
567	5	12.728
568	6	11.657
569	6	16.142
570	4	9.071
571	9	14.142
572	6	14.728
573	6	14.142
574	5	9.657
575	5	11.314
576	5	10.485
577	8	18.142
578	15	28.627
579	4	9.657
580	18	39.355
581	4	9.071
582	5	11.314
583	8	14.142
584	4	8.485
585	4	8.485
586	13	20.971
587	5	8.485
588	8	15.556
589	15	28.627
590	11	25.213
591	8	18.971
592	4	11.314
593	4	10.485
594	4	7.071
595	5	10.485
596	13	24.627
597	4	7.657
598	5	9.899
599	12	15.899
600	5	12.485
601	10	23.213
602	5	10.485
603	11	21.799
604	4	7.657
605	5	14.142
606	51	74.225
607	7	16.971
608	7	10.485
609	40	72.225
610	34	62.083
611	4	5.657
612	12	18.142
613	5	11.314
614	4	8.485
615	4	10.485
616	4	10.485
617	23	33.698
618	15	22.385
619	4	5.657
620	17	28.627
621	7	16.142
622	4	8.485
623	6	11.071
624	5	10.485
625	22	28.627
626	24	40.527
627	4	7.657
628	8	14.142
629	4	11.314
630	4	9.657
631	67	80.225
632	24	39.698
633	4	7.657
634	365	221.605
635	5	13.314
636	7	16.142
637	4	8.485
638	11	20.142
639	9	17.314
640	24	32.042
641	5	11.657
642	25	42.527
643	17	25.213
644	4	7.657
645	7	15.314
646	21	33.456
647	11	18.142
648	5	11.314
649	6	13.314
650	4	9.899
651	27	52.669
652	4	8.485
653	7	14.142
654	93	133.924
655	139	115.338
656	6	13.314
657	4	9.899
658	7	14.142
659	6	13.314
660	7	14.728
661	8	14.728
662	1736	612.247
663	7	14.728
664	5	11.314
665	5	9.071
666	5	10.485
667	36	55.255
668	5	9.071
669	4	9.899
670	5	9.071
671	20	29.456
672	606	395.914
673	4	7.657
674	28	27.799
675	4	10.485
676	13	18.142
677	4	8.243
678	9	15.899
679	7	13.314
680	6	14.728
681	17	24.627
682	9	18.971
683	6	13.314
684	1001	712.230
685	5	10.485
686	13	26.971
687	7	12.728
688	4	9.657
689	4	5.657
690	27	39.941
691	4	11.314
692	6	11.899
693	4	7.657
694	15	25.799
695	41	63.154
696	10	24.042
697	4	9.071
698	5	8.485
699	4	9.899
700	6	11.314
701	4	9.899
702	4	7.657
703	67	75.983
704	8	11.899
705	23	28.627
706	4	9.071
707	4	7.657
708	15	23.314
709	2453	565.436
710	5	8.485
711	7	16.142
712	8	19.556
713	5	11.314
714	7	13.314
715	6	12.728
716	60	88.468
717	33	40.527
718	4	9.899
719	4	7.657
720	10	21.213
721	5	9.071
722	9	18.142
723	11	14.485
724	4	11.314
725	87	110.752
726	5	10.485
727	4	8.828
728	8	16.142
729	6264	1039.516
730	4	8.485
731	5	9.899
732	8	14.728
733	4	11.314
734	5	13.314
735	5	12.728
736	4	9.899
737	6	11.314
738	7	14.728
739	4	8.485
740	4	10.485
741	9	23.213
742	1211	615.561
743	9	15.314
744	4	8.485
745	4	10.485
746	4	11.314
747	6	13.314
748	4	8.485
749	6	9.071
750	6	13.314
751	6	12.728
752	8	16.142
753	4	10.485
754	5	10.485
755	10	16.728
756	7	15.314
757	7	13.314
758	528	286.960
759	6	13.314
760	7	9.899
761	8	12.485
762	26	37.941
763	471	319.387
764	11	23.799
765	6	13.314
766	7	13.314
767	214	170.350
768	9	15.314
769	32	51.355
770	8	16.142
771	4	9.071
772	5	7.657
773	8	15.314
774	6	13.899
775	1069	382.642
776	4	7.071
777	10	14.728
778	4	10.485
779	5	13.314
780	4	11.314
781	6	11.899
782	6	10.485
783	5	13.314
784	6	14.728
785	887	236.919
786	4	7.071
787	4	9.071
788	49	52.669
789	226	105.196
790	11	21.799
791	4	10.485
792	4	11.314
793	5	11.899
794	7	9.071
795	6	11.899
796	5	9.071
797	7	12.485
798	4	7.071
799	46	58.083
800	4	8.485
801	4	7.657
802	4	7.071
803	4	7.657
804	5	8.485
805	11	17.556
806	6	14.485
807	4	9.899
808	5	8.485
809	5	11.314
810	4	8.485
811	8	15.314
812	23	36.527
813	41	40.527
814	5	13.314
815	5	9.899
816	8	21.799
817	33066	4040.466
818	6	13.899
819	5	8.485
820	44	69.983
821	5	11.899
822	4	10.485
823	4	11.314
824	1289	622.146
825	28	51.698
826	8	15.899
827	6	12.485
828	3327	668.632
829	28	39.113
830	5	11.899
831	4	7.657
832	109	118.066
833	41	56.912
834	4	8.828
835	9	18.728
836	5	8.485
837	5	10.485
838	4	7.657
839	4	8.485
840	4	8.485
841	4	8.485
842	12	24.627
843	4	10.485
844	156	215.605
845	13	25.799
846	4	11.314
847	4	7.071
848	4	9.071
849	4	8.485
850	5	10.485
851	4	11.314
852	117	81.882
853	4	10.485
854	8	14.728
855	19	24.627
856	7	16.142
857	6	12.728
858	9	17.314
859	4	7.657
860	11	21.556
861	8	17.314
862	4	7.657
863	13	23.213
864	4	7.071
865	27	51.255
866	15	20.385
867	10	23.213
868	6	12.728
869	4	8.485
870	21	46.426
871	5	11.314
872	14	18.728
873	4	11.314
874	4	11.314
875	4	8.243
876	41	59.841
877	5	8.485
878	5	11.071
879	10	16.142
880	11	18.971
881	5	9.899
882	6	11.071
883	4	11.314
884	7	13.314
885	5	11.899
886	10	14.142
887	6	11.314
888	9	17.556
889	5	9.899
890	4	10.485
891	3513	903.349
892	4	8.485
893	4	9.071
894	4	9.071
895	5	11.899
896	6	10.485
897	5	11.314
898	8	14.142
899	5	10.243
900	4	7.071
901	5	10.485
902	6	10.485
903	5	11.314
904	5	11.314
905	5	11.071
906	4	9.899
907	4	9.899
908	3639	860.095
909	10	20.385
910	6	10.485
911	16	17.556
912	8	16.142
913	567	271.546
914	5	8.485
915	5	9.657
916	5	10.485
917	10	18.142
918	701	334.316
919	7	15.314
920	9	14.728
921	6	13.314
922	12	26.627
923	6	10.485
924	5	11.657
925	4	10.485
926	5	11.314
927	4	11.314
928	6	12.485
929	8	18.971
930	8	13.899
931	5	8.485
932	4	7.657
933	5318	886.663
934	321	159.522
935	6	10.485
936	2611	846.479
937	4	7.657
938	4	7.071
939	8	18.142
940	19	26.042
941	5	12.485
942	6	11.899
943	30	44.426
944	4	11.314
945	4	8.485
946	6	11.314
947	5	12.728
948	7	13.314
949	7	13.314
950	6	14.728
951	7	13.899
952	4	11.314
953	8	12.485
954	10	21.799
955	6	9.071
956	5	10.485
957	8	16.728
958	10	12.728
959	4	9.657
960	5	14.142
961	7	16.142
962	4	10.485
963	4	9.899
964	5	8.485
965	11	22.142
966	16	23.799
967	10	20.142
968	4	5.657
969	14	28.627
970	4	7.071
971	5	9.657
972	4	7.657
973	4	8.828
974	13	24.971
975	4	7.071
976	4	8.485
977	4	7.071
978	2868	1044.930
979	31	48.527
980	13	21.556
981	4	5.657
982	15	26.627
983	5	8.485
984	7	15.657
985	9	17.314
986	15	27.799
987	4	8.485
988	5	11.899
989	72	97.054
990	6	10.485
991	9	20.971
992	15	35.113
993	9	11.314
994	12	18.385
995	8	15.556
996	4	8.485
997	18	32.284
998	5	10.485
999	7	14.728
1000	4	8.485
1001	6	10.485
1002	4	9.899
1003	91	65.497
1004	6	12.485
1005	9	19.799
1006	6	10.485
1007	11	23.213
1008	11	25.456
1009	4	10.485
1010	4	8.485
1011	4	8.485
1012	211	151.865
1013	5	9.899
1014	33	49.012
1015	17	26.042
1016	6	12.485
1017	61	64.569
1018	5	9.071
1019	6	14.728
1020	4	10.485
1021	5	10.485
1022	12	22.971
1023	208	139.480
1024	7	13.314
1025	507	199.078
1026	6	12.485
1027	4	8.485
1028	4	11.314
1029	46	50.770
1030	4	11.314
1031	34	46.184
1032	7	12.485
1033	4	9.899
1034	4	7.657
1035	655	306.174
1036	8	18.385
1037	24	53.255
1038	4	9.071
1039	6	13.314
1040	10	18.142
1041	5	11.314
1042	6	11.314
1043	163	145.966
1044	112	126.409
1045	4	7.657
1046	58	60.083
1047	4	7.657
1048	4	8.485
1049	4	9.899
1050	10	17.556
1051	1551	410.441
1052	4	10.485
1053	6	14.728
1054	7	17.314
1055	4	11.314
1056	6	11.899
1057	4	9.657
1058	16	27.213
1059	4	10.485
1060	9	14.485
1061	4	9.657
1062	6	11.314
1063	4	9.657
1064	4	7.657
1065	5	11.899
1066	12	21.799
1067	4	9.899
1068	4	8.485
1069	12	27.456
1070	12	20.971
1071	4	8.485
1072	5	8.485
1073	4	5.657
1074	14	21.556
1075	18	36.042
1076	10	22.385
1077	4	9.899
1078	1119	423.654
1079	4	9.071
1080	10	19.899
1081	17720	4084.549
1082	15	20.728
1083	29	48.770
1084	4	8.485
1085	83	77.983
1086	42	77.640
1087	5	13.314
1088	9	14.728
1089	12	25.799
1090	45	59.255
1091	4	8.485
1092	5	11.899
1093	4	7.657
1094	9	16.971
1095	15	28.042
1096	19	35.113
1097	13	27.456
1098	1653	328.558
1099	5	12.728
1100	10	18.142
1101	275	141.137
1102	4	8.485
1103	8	16.728
1104	7	16.142
1105	6	12.728
1106	9	20.385
1107	8	13.314
1108	4	8.485
1109	5	13.314
1110	4	7.657
1111	11	20.385
1112	14	28.042
1113	11	18.142
1114	18	22.142
1115	228	99.196
1116	19	37.698
1117	4	11.314
1118	6	12.485
1119	4	5.657
1120	16	35.698
1121	10	18.142
1122	4	10.485
1123	6	10.485
1124	56	69.740
1125	36	60.912
1126	6	10.485
1127	15	25.799
1128	4	8.485
1129	4	7.071
1130	24	47.841
1131	4	10.485
1132	25	43.941
1133	5	13.314
1134	7	15.556
1135	4	10.485
1136	7	12.728
1137	5	11.314
1138	4	9.899
1139	5	11.899
1140	5	10.485
1141	9	18.728
1142	6	12.485
1143	4	8.485
1144	10	18.971
1145	4	10.485
1146	7	13.314
1147	4	10.485
1148	4	10.485
1149	4	9.899
1150	8	10.485
1151	4	8.485
1152	5	11.899
1153	7	14.728
1154	8	11.899
1155	4	10.485
1156	5	7.657
1157	4	9.899
1158	9	16.142
1159	4	9.071
1160	53	82.125
1161	7	14.728
1162	4	7.657
1163	5	14.142
1164	12	17.556
1165	4	8.485
1166	33	49.255
1167	24	40.527
1168	6	12.485
1169	4	11.314
1170	4	7.071
1171	5	11.899
1172	51	54.426
1173	11	21.556
1174	5	10.485
1175	8	18.142
1176	9	18.728
1177	4	11.314
1178	7	13.314
1179	6	9.071
1180	12	25.213
1181	12	18.142
1182	12	24.385
1183	5	12.485
1184	5	14.142
1185	4	7.657
1186	12	20.385
1187	11	27.456
1188	4	8.485
1189	7	13.899
1190	4	9.071
1191	5	11.314
1192	72	100.610
1193	5	9.899
1194	7	12.728
1195	6	11.314
1196	6	12.485
1197	9	14.728
1198	13	28.042
1199	68	83.882
1200	6	12.728
1201	46	71.983
1202	4	11.314
1203	58	94.610
1204	4	7.071
1205	6	14.728
1206	12	26.627
1207	4	7.071
1208	1144	435.311
1209	5	11.899
1210	11	21.799
1211	12	16.971
1212	5	10.485
1213	5	10.485
1214	4	7.657
1215	89	92.368
1216	4	9.899
1217	29	34.870
1218	92	98.853
1219	6	13.314
1220	4	9.657
1221	11	22.385
1222	11	19.556
1223	19	39.113
1224	5	11.899
1225	5	7.657
1226	4	8.485
1227	25	41.941
1228	8	18.971
1229	5	12.728
1230	6	9.071
1231	6061	1538.851
1232	4	11.314
1233	4	7.657
1234	8	17.556
1235	5	9.657
1236	7	19.799
1237	8	11.071
1238	13	24.627
1239	21	32.042
1240	14	27.799
1241	6	12.485
1242	5	11.899
1243	4	11.314
1244	4	8.485
1245	8	18.971
1246	5	13.314
1247	4	11.314
1248	4	11.314
1249	4	8.243
1250	9	15.899
1251	11203	2029.008
1252	5	9.657
1253	4	8.485
1254	4	10.485
1255	5	10.485
1256	16	29.698
1257	5	8.485
1258	4	8.828
1259	4	8.485
1260	5	11.899
1261	11	28.870
1262	8	16.971
1263	248	171.865
1264	4	8.485
1265	7	12.485
1266	6	12.485
1267	4	8.243
1268	9	14.728
1269	4	9.899
1270	7	13.657
1271	11	20.971
1272	6	14.142
1273	6	15.556
1274	4	9.899
1275	6	15.556
1276	12	15.314
1277	4	8.828
1278	26	53.012
1279	4	7.657
1280	5	11.314
1281	1045	338.215
1282	4	7.657
1283	8	16.142
1284	4	9.899
1285	9	20.971
1286	4	9.899
1287	11	26.042
1288	7	11.314
1289	9	21.799
1290	5	12.728
1291	4	7.071
1292	4	11.314
1293	4	10.485
1294	19	26.627
1295	4	9.071
1296	19	32.042
1297	9	12.485
1298	7	13.899
1299	5	11.314
1300	4	8.485
1301	7	15.556
1302	5	8.485
1303	4	7.071
1304	6	8.485
1305	7	11.899
1306	7	13.314
1307	6	10.485
1308	4	11.314
1309	7	14.142
1310	12	24.142
1311	6	11.314
1312	5	9.657
1313	4	8.485
1314	6	14.142
1315	7	11.314
1316	8	16.142
1317	23	25.799
1318	10	19.556
1319	7	12.485
1320	7	9.657
1321	4	5.657
1322	868	414.926
1323	5	7.071
1324	7	11.314
1325	8	10.485
1326	5	11.314
1327	9	17.556
1328	135	66.569
1329	4	10.485
1330	12	23.213
1331	333	162.208
1332	12	25.213
1333	4	7.657
1334	4	9.899
1335	4	9.071
1336	4	10.485
1337	22	40.284
1338	4	7.071
1339	5	11.071
1340	4	9.071
1341	8	15.314
1342	8	13.899
1343	8	14.485
1344	7	13.899
1345	5	11.071
1346	7	14.728
1347	13	26.142
1348	5	12.485
1349	10	14.485
1350	9	14.728
1351	41	57.255
1352	6	15.556
1353	5	9.071
1354	4	7.657
1355	5	10.485
1356	8	16.142
1357	6	13.314
1358	8	15.314
1359	14	33.698
1360	4	8.243
1361	4	8.485
1362	4	5.657
1363	4	11.314
1364	10879	2763.019
1365	5	10.485
1366	5	12.485
1367	6	14.728
1368	4	9.071
1369	3321	906.320
1370	7	11.071
1371	5	9.899
1372	13	18.142
1373	6	10.485
1374	5	8.485
1375	11	25.213
1376	11	26.042
1377	6	11.314
1378	26	43.355
1379	9	20.142
1380	4	8.485
1381	6	16.142
1382	4	8.485
1383	6	14.142
1384	4	7.657
1385	23	39.698
1386	20	45.941
1387	11	17.556
1388	23	32.042
1389	24	40.870
1390	8	18.971
1391	19	18.142
1392	19	22.385
1393	4	7.657
1394	24	44.184
1395	5	9.899
1396	20	34.870
1397	4	8.485
1398	49	80.811
1399	5	7.071
1400	24	37.113
1401	6	14.142
1402	10	23.213
1403	29	43.113
1404	6	14.728
1405	7	14.485
1406	7	18.971
1407	1920	1225.967
1408	4	9.071
1409	131	116.995
1410	4	7.657
1411	4	8.485
1412	8	16.728
1413	5	10.485
1414	10	20.385
1415	5	9.899
1416	9	13.899
1417	4	11.314
1418	9	17.556
1419	6	15.314
1420	4	8.485
1421	4	9.899
1422	4	8.485
1423	6238	1896.924
1424	23	39.113
1425	20	37.698
1426	4	9.899
1427	9	21.213
1428	4	7.071
1429	5	8.485
1430	4	11.314
1431	5	9.657
1432	7	13.314
1433	7	14.142
1434	5	9.071
1435	5	9.657
1436	5	7.071
1437	5	11.899
1438	4	9.899
1439	5	12.728
1440	7	14.728
1441	16	26.627
1442	4	11.314
1443	6	10.485
1444	5	10.485
1445	4	8.485
1446	4	7.657
1447	6	16.142
1448	31	52.426
1449	9	19.314
1450	5	13.314
1451	7	12.485
1452	4	7.071
1453	5	10.485
1454	53	53.841
1455	4	9.657
1456	16	35.698
1457	50	47.113
1458	4	5.657
1459	4	8.485
1460	5	10.485
1461	244	242.676
1462	5	11.899
1463	36	61.740
1464	4	8.485
1465	4	9.071
1466	7	11.899
1467	4	7.657
1468	39	62.083
1469	4	5.657
1470	6	14.142
1471	13	25.799
1472	4	9.899
1473	6	12.485
1474	8	14.728
1475	5	9.899
1476	5	11.071
1477	5	13.314
1478	10	17.556
1479	33	51.012
1480	4	9.899
1481	8	20.385
1482	13	20.971
1483	5	9.899
1484	5	12.728
1485	4	9.657
1486	7	13.899
1487	6	12.485
1488	47	62.912
1489	12	20.971
1490	6	11.657
1491	799	603.318
1492	4	8.485
1493	4	11.314
1494	200	238.434
1495	10	17.556
1496	4	11.314
1497	5	9.899
1498	13	22.971
1499	8	15.556
1500	4	9.899
1501	26	36.284
1502	11	21.799
1503	4	9.657
1504	4	10.485
1505	10	16.971
1506	15	33.113
1507	27	30.627
1508	4	7.071
1509	149	183.321
1510	4	10.485
1511	5	13.314
1512	28	53.255
1513	52	81.054
1514	34	40.527
1515	4	7.071
1516	6	11.899
1517	6	13.314
1518	4	10.485
1519	10	19.556
1520	3483	1002.545
1521	9	17.899
1522	166	148.451
1523	8	16.728
1524	5	11.314
1525	6	10.485
1526	7	14.142
1527	11	20.385
1528	4	8.485
1529	1743	1011.759
1530	253	229.948
1531	8	13.314
1532	51	92.711
1533	4	5.657
1534	18	31.113
1535	11	25.456
1536	4605	1202.670
1537	14	24.385
1538	14	29.456
1539	10	21.799
1540	6	15.314
1541	4	9.899
1542	6	12.728
1543	17	22.971
1544	17	25.213
1545	4	9.071
1546	5	10.485
1547	12	23.799
1548	4	7.657
1549	5	11.314
1550	32	46.527
1551	5	7.657
1552	5	13.314
1553	14	30.042
1554	338	251.889
1555	6	12.485
1556	5	13.314
1557	9	19.799
1558	13	25.213
1559	4	8.485
1560	4	8.485
1561	12	25.213
1562	19	32.870
1563	12	23.799
1564	71	86.811
1565	19	28.042
1566	4	9.071
1567	9	19.556
1568	4	8.485
1569	4	5.657
1570	7	14.728
1571	8	16.728
1572	7	16.142
1573	8	15.556
1574	22	26.042
1575	5	9.899
1576	4	7.071
1577	6	14.142
1578	8	14.142
1579	8	13.314
1580	5	13.314
1581	5	13.314
1582	5	12.485
1583	4	7.657
1584	41	67.740
1585	6	12.728
1586	12	23.799
1587	1274	393.955
1588	4	8.485
1589	9	13.314
1590	4	9.899
1591	4	8.485
1592	4	8.485
1593	4	8.828
1594	4	11.314
1595	416	299.103
1596	4	7.657
1597	9	20.971
1598	4	7.071
1599	380	252.333
1600	9	16.728
1601	4	10.485
1602	24	37.941
1603	5	10.485
1604	10	19.556
1605	823	454.039
1606	4	9.071
1607	7	11.314
1608	5	11.314
1609	7	16.485
1610	4	9.899
1611	6	11.899
1612	8	18.971
1613	7	13.314
1614	11	16.142
1615	4	7.657
1616	12	26.627
1617	13	28.870
1618	7	15.071
1619	5	7.071
1620	17	24.385
1621	4	10.485
1622	7	16.142
1623	7	12.728
1624	6	10.485
1625	7	18.142
1626	4	9.899
1627	10	22.142
1628	4	10.485
1629	15	32.042
1630	4	11.314
1631	6	12.728
1632	7	12.485
1633	4	7.071
1634	126	93.539
1635	6	13.314
1636	5	11.899
1637	4	8.485
1638	5	13.314
1639	8	18.971
1640	5	10.243
1641	14	29.456
1642	8	11.899
1643	313	246.919
1644	5	10.485
1645	14	30.284
1646	4	8.485
1647	13	25.799
1648	5	10.485
1649	6	13.899
1650	8	15.556
1651	7	14.728
1652	5	10.485
1653	5	11.314
1654	9	16.728
1655	4	9.071
1656	192	145.622
1657	4	5.657
1658	6	11.899
1659	4	7.071
1660	5	11.314
1661	16	36.527
1662	4	7.657
1663	4	9.071
1664	161	156.693
1665	4	9.657
1666	4	9.071
1667	6	9.899
1668	4	7.657
1669	258	271.546
1670	5	13.314
1671	11	20.142
1672	5	11.899
1673	6	13.314
1674	5	11.314
1675	4	8.243
1676	4	9.071
1677	5	13.314
1678	16	26.971
1679	7	16.142
1680	726	399.754
1681	10	17.899
1682	4	5.657
1683	571	369.085
1684	12	21.556
1685	10	22.385
1686	6	11.657
1687	263	241.505
1688	7	13.071
1689	13	20.142
1690	220	170.836
1691	7	16.728
1692	8	13.899
1693	13	22.385
1694	17	26.870
1695	4	8.485
1696	5	11.899
1697	4	9.071
1698	4	8.828
1699	9	19.799
1700	55	86.125
1701	5	7.657
1702	134	126.652
1703	4	8.485
1704	48	73.640
1705	4	8.485
1706	4	8.485
1707	24	41.113
1708	52	70.569
1709	4	7.657
1710	6	14.142
1711	5	9.657
1712	1517	548.607
1713	31	43.598
1714	28	51.012
1715	28	36.284
1716	125	142.551
1717	7	11.899
1718	12	20.385
1719	8	18.971
1720	4	9.071
1721	4	7.657
1722	7	18.971
1723	4	9.899
1724	10	16.971
1725	7	11.314
1726	4	9.899
1727	19	30.627
1728	6	14.142
1729	69	86.225
1730	4	9.899
1731	36	36.527
1732	7	13.314
1733	8	14.728
1734	4	7.071
1735	30	53.497
1736	4	11.314
1737	22	25.799
1738	4	8.485
1739	4	10.485
1740	4	10.485
1741	74	104.610
1742	10	15.314
1743	5	11.899
1744	9	24.627
1745	4	8.485
1746	4	10.485
1747	5	10.485
1748	4	9.657
1749	12	21.799
1750	7	10.485
1751	4	8.485
1752	9	21.213
1753	11	25.213
1754	4	7.657
1755	18	27.799
1756	6	14.142
1757	7	12.728
1758	4	9.899
1759	7	10.485
1760	7	10.485
1761	5	12.728
1762	7	14.728
1763	4	9.071
1764	5	11.657
1765	4	9.071
1766	4	7.071
1767	4	8.485
1768	21	30.870
1769	8	17.556
1770	5	11.314
1771	10	16.142
1772	4	5.657
1773	4	8.828
1774	6	11.314
1775	4	9.899
1776	13	21.556
1777	19	40.284
1778	22	43.113
1779	6	10.485
1780	649	295.789
1781	14	22.971
1782	4	10.485
1783	4	7.657
1784	5	9.899
1785	7	16.142
1786	5	12.728
1787	5	9.899
1788	4	8.485
1789	25	53.841
1790	4	10.485
1791	5	14.142
1792	276	225.362
1793	6	8.485
1794	15	29.456
1795	4	10.485
1796	4	7.657
1797	5	12.485
1798	5	11.899
1799	7	13.899
1800	7	17.556
1801	4	8.485
1802	5	11.314
1803	34	36.870
1804	33	49.012
1805	12	18.142
1806	58	77.983
1807	4	7.657
1808	7	14.728
1809	4	11.314
1810	11	21.556
1811	265	125.095
1812	110	112.853
1813	5	10.485
1814	13	28.627
1815	6	13.314
1816	107	123.823
1817	4	9.899
1818	16	18.142
1819	236	156.995
1820	4	9.657
1821	5	10.485
1822	36	71.740
1823	4	8.485
1824	4	7.657
1825	10	21.799
1826	6	14.728
1827	4	9.657
1828	6	12.728
1829	34	48.184
1830	4	8.485
1831	5	10.485
1832	4	8.485
1833	5	14.142
1834	5	8.485
1835	4	11.314

